9_jpg.rf.cf6d5a535396b85fcff5a9ba234d4393.jpg 111,20,349,333,0
vlcsnap-2021-04-18-00h42m00s625_png.rf.d073634ebcef674493a2a0d0cfe47837.jpg 66,128,259,317,0
image_search_1618645290778_jpg.rf.d31951050efc4e7f8bcacb065efef2d5.jpg 9,55,416,313,0
aiosdj_jpg.rf.e0a88658935f4712acf37f520ef7e7e1.jpg 58,11,402,398,0
vlcsnap-2021-04-18-00h41m53s590_png.rf.db7b389e8e09cfb90ca8687c3203f270.jpg 127,105,281,335,0
image_search_1618645147334_jpg.rf.dee966e8bd9908071e554aed4dc0c98e.jpg 4,18,416,398,0
ew56_jpg.rf.dbca84c827b8818bf6051321479c370e.jpg 18,171,149,297,0
31_jpg.rf.d8c3cf89e2def10d26e3e7c3a7c12e37.jpg 136,99,250,332,0
image_search_1618645120557_jpg.rf.d645d16ee570bce278a062f2c7b88ce9.jpg 13,31,407,367,0
E_jpg.rf.cf235538904e0c4234ab8abb0374cd9b.jpg 240,107,379,324,0
57_jpg.rf.d224ced3419975a0d16484899d99dbb6.jpg 153,57,359,383,0
image_search_1618646096798_jpg.rf.cff66919ed48b52664090f088b41c761.jpg 94,10,416,363,0
image_search_1618646212870_jpg.rf.d78824dc993824949d1bdca5b81d120f.jpg 48,29,377,256,0
76_jpg.rf.d477ebce01dc3ee37070db365de85488.jpg 92,186,407,369,0
vlcsnap-2021-04-18-00h50m16s245_png.rf.e7522589c5e4d3b5fe549e2da6d389a4.jpg 108,198,394,401,0
vlcsnap-2021-04-18-00h41m33s423_png.rf.dde87761715d2f04bdd7b3594396b9ce.jpg 33,112,350,323,0
erw_jpg.rf.e48a18d2c7162624f3846a3e6526f2ca.jpg 80,183,189,334,0
vlcsnap-2021-04-18-00h36m57s212_png.rf.d640ce188e634b792429bfb11f5f8f7f.jpg 108,68,416,314,0
SD_jpg.rf.d81c2973118be0b369013a49715b6b7e.jpg 130,155,338,348,0
amd_jpg.rf.d4e07c04e486e701191669d3adab39fa.jpg 11,29,369,398,0
vlcsnap-2021-04-18-00h38m02s280_png.rf.d9a838c74ebf5ebc3472ac6e66666cbd.jpg 96,220,352,404,0
apo_jpg.rf.cecf889a3838bc03df0975965c59adcd.jpg 221,102,317,248,0
52_jpg.rf.d6b90909ae7ce0b4dbd65b6f2c29100f.jpg 76,75,395,338,0
image_search_1618646346881_jpg.rf.d4138b2a9796ff4f63a11b0c81ddf013.jpg 85,120,416,338,0
images--84-_jpeg.rf.d59b9cea2d9dd3e11761f59cacd60f16.jpg 93,75,300,375,0
68_jpg.rf.e8b5852f5a56310c085e8824a72d9956.jpg 16,55,395,400,0
vlcsnap-2021-04-18-00h38m29s266_png.rf.e9f63f17d5c62ea734ce4480a5c63dfe.jpg 132,131,268,304,0
image_search_1618646390422_jpg.rf.eba4be24e312480eebb89ee499684ef4.jpg 48,78,376,416,0
oia_jpg.rf.ebba68d236063e66cc7c1268629a6f8e.jpg 54,28,286,333,0
vlcsnap-2021-04-18-00h50m13s323_png.rf.ebf32ae14d59f94650794b88a0da5e8f.jpg 128,197,408,413,0
26_jpg.rf.ebf90d5d950ea0a793e704d674652405.jpg 150,70,416,309,0
images--44-_jpeg.rf.ec9aaec61b0ecdea93dffff61383bc29.jpg 158,133,280,280,0
vlcsnap-2021-04-18-00h53m15s786_png.rf.edc74d85eceb21b9409ba32b178399ed.jpg 10,58,416,394,0
eryer_jpg.rf.eead200916117d5c10a2ed732478c583.jpg 226,98,416,300,0
vlcsnap-2021-04-18-00h33m39s182_png.rf.f36087176bdc0e294ad026874381e266.jpg 4,64,409,394,0
vlcsnap-2021-04-18-00h31m42s866_png.rf.f47c447d2a19807c94bf7592cecdac97.jpg 169,167,388,390,0
46_png.rf.f5da4b41c234aaeee73b7c9e2a2dfc96.jpg 130,94,358,318,0
trtr_jpg.rf.f73392b1be8439af43d7107719f6eee1.jpg 18,1,394,398,0
vlcsnap-2021-04-18-00h45m30s260_png.rf.f89cab8b615d97b0aefa6412e6fddbfa.jpg 92,191,328,404,0
image_search_1618644766605_jpg.rf.fa033bcd487a2967875ce7f748dd55b7.jpg 53,104,412,303,0
ewrq_jpg.rf.fc1639fff9835114bde3ddf22380970c.jpg 18,41,410,362,0
70_jpg.rf.fcaa7dd24ee5aa72db9f84d1349a179d.jpg 121,8,306,404,0
vlcsnap-2021-04-18-00h44m19s116_png.rf.fe16303ffdb6c5129924b2a8227ddcd6.jpg 83,114,288,289,0
JB_jpg.rf.fe2cf67a2ea90c7ad5447bf5184d5f0f.jpg 29,92,416,356,0
vlcsnap-2021-04-18-00h36m33s233_png.rf.fe58ba8e2d1c65b4415c7e6190419eb4.jpg 124,69,280,206,0
vlcsnap-2021-04-18-00h44m39s831_png.rf.ff384493e23c218c98654cc09b70b5d6.jpg 144,67,406,270,0
odr_jpg.rf.ff5ae8649903f030fc4e5f16c1578d60.jpg 5,130,150,319,0
image_search_1618646326949_jpg.rf.0000893b85be03d956665f26e60c94f6.jpg 77,51,379,276,0
vlcsnap-2021-04-18-07h55m55s434_png.rf.029ccff1b84f05f9368c5750b8b00955.jpg 23,122,189,415,0
vlcsnap-2021-04-18-00h50m32s990_png.rf.03330105a652577c1d602b4b65ff17b0.jpg 13,205,321,413,0
A_jpg.rf.0346c24a56318081cfb0619574e2b1a0.jpg 142,86,348,306,0
vlcsnap-2021-04-18-00h44m56s586_png.rf.04092e406fed81b01885e353d1e89772.jpg 5,5,416,412,0
46_jpg.rf.08f6874a4b00b7f81f51f8c52989f497.jpg 276,134,416,335,0
81_jpg.rf.09c47f8cb1b694bc4b0c32b9722f30a0.jpg 87,21,174,218,0 285,1,389,170,0
AOIS_jpg.rf.0b54c3dc780ee9c5ad2c6595258c152f.jpg 130,73,390,338,0
29_jpg.rf.0fbbf1612109d6c32f834a3cac184830.jpg 193,92,345,376,0
17_jpg.rf.1016bfe9ea0056b5cd7b9f556f35b78f.jpg 191,209,314,365,0
vlcsnap-2021-04-18-00h50m00s997_png.rf.102d93675c6e10e6ffb32b711bef9214.jpg 101,191,396,416,0
vlcsnap-2021-04-18-01h00m32s464_png.rf.11c65ec29d9b12dad8bc44dc9eb86b92.jpg 20,4,416,395,0
image_search_1618646221485_jpg.rf.137ba588acc45c700711034812a40f97.jpg 46,90,416,325,0
image_search_1618644964976_jpg.rf.13ca7ffaea3d20326e27a22448bd3520.jpg 18,12,175,369,0
vlcsnap-2021-04-18-07h57m48s112_png.rf.14582f8007e307825a2639759427c4f2.jpg 112,140,349,353,0
image_search_1618645132771_jpg.rf.14cb12fac7f0f542479da239e4f96787.jpg 32,12,416,260,0 12,270,399,416,0
asd_jpg.rf.15cceff2cde819ceb1f7e69f0da427ef.jpg 63,101,217,399,0 229,78,380,405,0
vlcsnap-2021-04-18-00h46m39s819_png.rf.17e53245400fb23390eb40aea3b8f9c5.jpg 6,13,323,385,0
vlcsnap-2021-04-18-07h53m41s633_png.rf.17d577872ff568c0feb66ec62c03ae03.jpg 135,110,392,307,0
35_png.rf.189c653615ddf84fc0d84d343993354e.jpg 99,26,360,282,0
vlcsnap-2021-04-18-00h41m31s225_png.rf.191ad15b10821ec85cf82c6cf0b6fb41.jpg 142,153,314,275,0
vlcsnap-2021-04-18-00h47m17s484_png.rf.1ab307b021cfd9d9c105ca48be90445b.jpg 19,99,323,399,0
66_jpg.rf.1b7144769fcd4bca0244d9c7c5bd43a4.jpg 105,52,267,339,0
39_jpg.rf.1be1aa9d1f3fba94b863daf54e7b8f54.jpg 46,46,388,294,0
30_jpg.rf.1d4e1d71b0706ae8d5bf5dcbe86499a6.jpg 125,69,315,409,0
vlcsnap-2021-04-18-00h50m23s683_png.rf.1f7798882eaaab53a162a55c55d5cd84.jpg 12,47,409,347,0
weryer_jpg.rf.205c4f0a950e98e5190173dc4884f023.jpg 247,32,411,256,0
image_search_1618645211884_jpg.rf.22c42e9ade2ce25ac563fd50100817e2.jpg 133,104,295,309,0
image_search_1618644871932_jpg.rf.22cc4655c65b6b952d8c341b4b05b361.jpg 238,124,369,281,0
erdf_jpg.rf.2369a6ed3d261f912a7656ef1dc42578.jpg 29,86,165,289,0
vlcsnap-2021-04-18-00h56m53s413_png.rf.22f5637145d1979071659f6f6cdf9691.jpg 87,159,258,324,0 214,111,264,163,0
19_jpg.rf.2462fa5c4e945ab700b405cce01ae4db.jpg 33,59,401,383,0
vlcsnap-2021-04-18-00h43m01s250_png.rf.2524e7f9b3df0d758d2a0dc9081585eb.jpg 30,183,395,356,0 132,69,407,186,0 192,0,387,96,0
OA_jpg.rf.25dd811bcc11e390e51d21733210e426.jpg 183,37,356,232,0
53_jpg.rf.260f65fc7434447512987e6ffde974be.jpg 81,38,386,335,0
sdn_jpg.rf.26835c6f93af6733234588076f922bc0.jpg 216,16,392,357,0
vlcsnap-2021-04-18-00h43m18s153_png.rf.29472dfb759b195ec72500ec6ece1fb8.jpg 2,127,416,401,0
vlcsnap-2021-04-18-00h42m08s533_png.rf.29d5e880d3a14d3d0ad1e5efb6adc631.jpg 130,279,256,416,0
64_jpg.rf.2a22d3ade91f4eb0880bdd7c94344655.jpg 23,9,151,298,0
24_jpg.rf.2ae59241e0fd3c3d8ee854a10c22fcb5.jpg 77,33,313,316,0
67_jpg.rf.2cd46ccc2ba8c7834fe619d33d35f51d.jpg 49,19,396,368,0
74_jpg.rf.2cedc51c97360e12b0e0a402c7466e67.jpg 164,135,416,374,0
10_jpg.rf.2d1cc36a432451d8814df687bee63a56.jpg 30,11,414,402,1
4533_jpg.rf.2d741bce161ea983108dfa62fa2ea537.jpg 35,8,187,207,0
aeio_jpg.rf.2e6fca1bf2c6f720d154ba45de256918.jpg 249,170,410,337,0
59_jpg.rf.2f075fec6c2d7e229598891c12e213ec.jpg 107,39,252,350,0
vlcsnap-2021-04-18-00h50m09s658_png.rf.31b2980c44303cfbdd3b3f61e7b25bca.jpg 101,132,416,380,0
vlcsnap-2021-04-18-00h50m22s591_png.rf.3261042425eb5128f613e347adeb0caf.jpg 110,104,303,377,0
vlcsnap-2021-04-18-07h53m40s303_png.rf.33c5a98a893688f5274cab3ce1afadf3.jpg 217,100,368,308,0
vlcsnap-2021-04-18-00h44m02s899_png.rf.348502ad12aed9bbec2b6c8e88a0541e.jpg 14,119,372,366,0
vlcsnap-2021-04-18-00h47m11s171_png.rf.34a7c40819b4b4cf80894e34c0989b1e.jpg 140,141,363,318,0
vlcsnap-2021-04-18-00h53m43s611_png.rf.362219ee5f124c8c428507791f57600a.jpg 30,146,337,397,0
vlcsnap-2021-04-18-00h33m37s464_png.rf.372f25a6fd56f32061e9433b45a18281.jpg 2,97,356,416,0
vlcsnap-2021-04-18-00h44m32s686_png.rf.37ce79fdfa8be4d38efcde47b93eb47a.jpg 130,156,338,277,0
vlcsnap-2021-04-18-00h38m33s464_png.rf.37e5c85e4c4723eae4c989067c41e777.jpg 85,82,320,347,0
image_search_1618645406806_jpg.rf.37f3b35bff4ca07a13fd20adb4d1f99a.jpg 35,15,416,355,0
vlcsnap-2021-04-18-00h38m35s490_png.rf.3848ff71101e6b4b7b091e15654e0333.jpg 145,50,256,384,0
image_search_1618645139241_jpg.rf.3960aad4c9670aa99540bb0ac0868430.jpg 30,18,413,406,0
vlcsnap-2021-04-18-00h38m12s600_png.rf.39b54b3e18eaf09ee1e9ba4711eb11f5.jpg 53,234,378,416,0
vlcsnap-2021-04-18-00h41m46s966_png.rf.3add2a5abd03d47cec6fa54203321728.jpg 76,67,416,354,0
84_jpg.rf.3be39735d24798077f90a40a295da910.jpg 90,132,300,334,0
vlcsnap-2021-04-18-00h38m00s394_png.rf.3c2061c9b11e9014de9b60df19edc9d4.jpg 74,247,376,389,0
vlcsnap-2021-04-18-00h37m57s928_png.rf.3c8e79a18414cd711ad3307246062201.jpg 64,30,369,234,0
vlcsnap-2021-04-18-00h47m07s533_png.rf.3d41618c14cb08d4a9ac505cb7fbbcfb.jpg 98,86,389,337,0
vlcsnap-2021-04-18-00h38m16s495_png.rf.3e244220b957b85be3da1115f298cc75.jpg 49,131,383,322,0
25_jpg.rf.3f1e2eacf4d12173059d8a43c8ec76ce.jpg 159,62,365,348,0
images--48-_jpeg.rf.3f838a596882d3a0ecb4e7927b452106.jpg 255,18,361,343,0
fansdj_jpg.rf.40eb1bf17ccdeba4185da559f889420c.jpg 164,12,348,309,0
image_search_1618644705233_jpg.rf.4164cc34606fd424261273c83db92d04.jpg 216,26,352,284,0
image_search_1618645255145_jpg.rf.4194fafe5834edf0cb93f2a079b29887.jpg 23,0,416,397,0
vlcsnap-2021-04-18-07h53m45s219_png.rf.41dbfa576928053cb2b3c34fb9327ad9.jpg 49,94,240,297,0
11_png.rf.42886cc0bbd1c6183db8dc96d99ae8a3.jpg 138,45,366,347,1
60_jpg.rf.43f18273b6b648c4f5c026edb82ee12f.jpg 57,70,306,416,0
vlcsnap-2021-04-18-00h43m16s816_png.rf.464fe328e5316a0a0559aa7cdb8a818b.jpg 6,7,409,416,0
ret_jpg.rf.473b44e574a4a9bac273a35122892697.jpg 120,58,268,340,0
vlcsnap-2021-04-18-00h38m05s246_png.rf.4824f38f0fa99aefea5372e8d4288444.jpg 59,125,358,416,0
image_search_1618645214351_jpg.rf.493bccfb0ff7b2d69d3bb66de4525ac7.jpg 81,159,403,344,0
8_jpg.rf.494be2e5926d0e0fbe434bc5143a0526.jpg 147,161,326,332,0
43_jpg.rf.4a1b100cbf3a64ead284116042219f58.jpg 16,15,407,402,0
vlcsnap-2021-04-18-00h50m19s747_png.rf.4c09912f54a5d718b3d14835e6a68623.jpg 23,87,353,402,0
vlcsnap-2021-04-18-00h41m37s431_png.rf.4cf9bb7ec7aab3ca783af6a827c8e803.jpg 83,99,392,374,0
vlcsnap-2021-04-18-00h44m21s284_png.rf.4d3ea9fba95003d8e0b25e154ea185a2.jpg 75,54,416,382,0
vlcsnap-2021-04-18-00h47m51s980_png.rf.4d5f258d9c7e42511edd9d433a5f053c.jpg 81,158,315,303,0
vlcsnap-2021-04-18-00h57m11s290_png.rf.4e8fe3d8f78dbe3b3284936775252757.jpg 100,170,187,272,0 274,145,379,297,0
0_jpg.rf.52a5f08661c5ab79e326d54e1cf8b879.jpg 90,59,378,358,1
42_jpg.rf.52418b23d0cd319c93d817b66ebfab8b.jpg 8,32,401,403,0
images--60-_jpeg.rf.52a772bf712b9ff771745373b34171b5.jpg 66,35,387,406,0
vlcsnap-2021-04-18-00h53m10s949_png.rf.53998bf0fc76a4411e1ab4f9a56bc082.jpg 6,107,354,371,0
image_search_1618646341120_jpg.rf.54005a57659862a979d86123908acff5.jpg 196,3,387,249,0
images--85-_jpeg.rf.541445ec9b525ed7996a4baf34b90f4b.jpg 75,218,208,321,0
S_jpg.rf.54482b77e39976c1a8828e428b5a9f5d.jpg 193,125,363,315,0
vlcsnap-2021-04-18-07h56m50s116_png.rf.54b45b91703d375648efd012d43824c5.jpg 87,86,370,401,0
images--71-_jpeg.rf.54fa086bf4d13604c64fcb3a72684a7c.jpg 168,132,346,230,0
image_search_1618644691217_jpg.rf.575764bffd2abdc04a9f5f48dd7355f2.jpg 14,4,393,391,0
vlcsnap-2021-04-18-00h53m57s453_png.rf.55f5ba1ca07b449dcf7999dd9ee8241f.jpg 0,168,416,400,0
vlcsnap-2021-04-18-00h46m47s609_png.rf.59dd30fbcee75bf62ee289b9b667e2f1.jpg 52,174,254,320,0
DKFJ_jpg.rf.59f4432c901324fde90af8380e4e934a.jpg 0,14,416,416,0
image_search_1618645397726_jpg.rf.5ad7e78c09547651d75551edf9399691.jpg 12,12,232,333,0
3_jpg.rf.5ca6e80cc372a35545b4920b82d9142b.jpg 167,119,377,381,0
69_jpg.rf.5dae0e6333e4e0ec10d9d0ec73bebd91.jpg 10,102,414,350,0
ewrewr_jpg.rf.5e5aa5cd2da62793f9e6e2bcf909620a.jpg 24,14,405,413,0
vlcsnap-2021-04-18-00h36m22s457_png.rf.5f462c4f63653920c018e9a207297f4e.jpg 103,141,345,416,0
58_jpg.rf.60f5457b1cd0148c7e86eb74acd51f3d.jpg 31,43,322,416,0
vlcsnap-2021-04-18-00h44m00s530_png.rf.643284b32eb0c89494711f3afb769991.jpg 183,45,401,248,0
35_jpg.rf.6519a8340fcde7c4ebb543916ad7b719.jpg 215,35,349,368,0 289,29,290,32,0
tyd_jpg.rf.65395f943d29acda757a809e6ec0b9d3.jpg 70,17,404,348,0
hfs_jpg.rf.6630f13d8c7e514b117eddf0031dd241.jpg 123,18,413,380,0
dfzg_jpg.rf.66af06a3a928e333cb0de9c77171e28c.jpg 98,14,382,313,0
vlcsnap-2021-04-18-00h50m36s009_png.rf.69020692c25295e118eec6ab53a59f26.jpg 75,75,307,416,0
13_jpg.rf.6a9e21c37e3a99a6449ada21adf04de1.jpg 96,54,352,349,1
vlcsnap-2021-04-18-00h31m44s788_png.rf.6b9c2296d0a16a86807c97046efd4373.jpg 146,101,280,414,0
images--70-_jpeg.rf.6c7f6bb656d8e142ca0cabace75777e7.jpg 92,52,243,250,0
48_jpg.rf.6cbeef3ca4a1ea4cd4ff7555468e729b.jpg 59,14,321,306,0
re_jpg.rf.6dfde0996b0b61f5e97bde8a1d74f038.jpg 94,68,196,278,0
34_jpg.rf.6f1d8b55a8477ccb77a8fe2cf5fda5f2.jpg 109,13,305,364,0
15_jpg.rf.6f5b376d731154a6f1aa5a818e34d67b.jpg 129,9,359,313,1
vlcsnap-2021-04-18-00h47m29s509_png.rf.725d57304606155566a6bc4475f8d620.jpg 45,142,367,350,0
vlcsnap-2021-04-18-00h59m04s893_png.rf.71b4a5bd892cd7333cbe782d40abcccf.jpg 44,62,256,379,0
49_jpg.rf.72bcaf90b7d7858cedddcb4d9f79cce8.jpg 108,33,317,389,0
vlcsnap-2021-04-18-00h41m35s244_png.rf.7370a0b47e11000869c175451cb16985.jpg 49,99,416,321,0
vlcsnap-2021-04-18-07h56m58s716_png.rf.75348c895d41bcc7858a05fdaa718556.jpg 104,142,364,395,0
vlcsnap-2021-04-18-00h37m27s045_png.rf.75495531cfa8f08761afc5ed9f1d8200.jpg 0,87,266,398,0
78_jpg.rf.76379aae144e86aaf148ad73306358fe.jpg 161,49,280,416,0
vlcsnap-2021-04-18-00h37m37s008_png.rf.77523c8d23b0e3a18b7e56a6073792ce.jpg 126,194,369,371,0
DFSLK_jpg.rf.7826424248c4cef13e441e905e887007.jpg 244,40,405,279,0
79_jpg.rf.78a81f40bd22e9df9a86b8db77054e5e.jpg 106,109,286,416,0
vlcsnap-2021-04-18-07h55m11s373_png.rf.79304bcd51c0bf39610df5d614fa930b.jpg 93,103,415,385,0
image_search_1618644884224_jpg.rf.7ac4a02553cbfc7c4597910dcb72ebac.jpg 35,44,176,400,0
vlcsnap-2021-04-18-00h53m42s167_png.rf.79f3a8c29389b27a731cbf96d7476eb6.jpg 61,127,365,357,0
vlcsnap-2021-04-18-00h47m08s567_png.rf.7b2f23fb3436abf23b5a3f2bbf1609ed.jpg 11,49,413,367,0
vlcsnap-2021-04-18-07h53m28s305_png.rf.7b1ae64a1bae7e5b44e7e251a9518ea9.jpg 104,2,312,416,0
vlcsnap-2021-04-18-00h47m04s035_png.rf.7b58315e8c08ad01f7541763cbae7363.jpg 21,126,149,339,0
vlcsnap-2021-04-18-07h57m53s724_png.rf.7be622279eb426b9ed630eb973e3286e.jpg 157,278,215,393,0 228,125,374,290,0
fyt_jpg.rf.7c2a932bac18e6aab416f83222eff5de.jpg 148,15,368,350,0
vlcsnap-2021-04-18-00h53m09s995_png.rf.7c732361ebc1aed35b67a2a7ee0cda94.jpg 6,65,416,416,0
vlcsnap-2021-04-18-00h37m19s432_png.rf.7e67f2a76c890e4cf02610f3ba1815f1.jpg 16,59,416,389,0
28_jpg.rf.7f171852487e458d309d83f33d945565.jpg 82,31,295,357,0
zdfgh_jpg.rf.7fd8a93a03a072df04a1d2fa996f0cfd.jpg 41,14,373,378,0
41_jpg.rf.7fe818c6da9dfffcbd706a413a6944aa.jpg 72,19,390,406,0
71_jpg.rf.81d0d3dda53b1340257a6639af396c85.jpg 122,110,392,335,0
4_jpg.rf.81d9a3bd1617bd0f499f7a1f07cfbdcf.jpg 84,78,358,342,0
vlcsnap-2021-04-18-00h31m47s814_png.rf.82b55451f1b5a46c2d0a4c05bf41afa5.jpg 122,90,269,295,0
36_jpg.rf.841a941510284a5006389665775628d6.jpg 93,52,342,321,0
ert_jpg.rf.8466c0551f73f6c1ee3d727d9c235c06.jpg 28,47,183,300,0
20_jpg.rf.867e0db0d72e742b4b67e3f9a38d3d97.jpg 103,37,378,369,0
image_search_1618644787274_jpg.rf.87e73bfe3b3e031a985b43bee6a037f4.jpg 89,158,391,258,0
vlcsnap-2021-04-18-00h50m41s790_png.rf.88671b7986a52fed4d33efe0e2c7c52e.jpg 3,60,408,402,0
27_jpg.rf.88720a7e9d11c87ce9386b722b232703.jpg 88,55,416,353,0
wear_jpg.rf.89fbdf68ed1756e5014fdbb5e324aa17.jpg 75,3,302,322,0
72_jpg.rf.8b1ffa69ba18f6e39b310d343c47da6e.jpg 49,142,339,282,0
vlcsnap-2021-04-18-00h34m11s767_png.rf.8cf0a76d80643fc2b4480def0f30f516.jpg 254,107,409,410,0
2_jpg.rf.8d0fc397258699d2270e53581d30b293.jpg 30,159,175,342,0
werwer_jpg.rf.8e033e01e4eb1f2711feeab1033ca4c6.jpg 18,94,179,272,0
vlcsnap-2021-04-18-00h53m46s761_png.rf.8fc30546c143e508d7fc5fc50af3c8cd.jpg 84,92,394,394,0
vlcsnap-2021-04-18-07h55m31s183_png.rf.9153d2598552e64934021d5a125d930f.jpg 89,92,263,304,0
vlcsnap-2021-04-18-00h44m46s948_png.rf.8fcc06bda227bb49b7c4fe0ebebff34b.jpg 89,38,376,271,0
fd_jpg.rf.93b8bbd2a04f38c1640b2a3e25c5ca0c.jpg 27,29,379,396,0
62_jpg.rf.923898437f72c815fb72d554d877b289.jpg 198,126,299,377,0
14_jpg.rf.948060bc3ce5903a7f5c1ca79a1a6e1d.jpg 24,89,302,360,1
vlcsnap-2021-04-18-00h47m49s290_png.rf.95255469707cc79d6c739303ed3b04e9.jpg 29,56,416,260,0 8,247,416,378,0
images--64-_jpeg.rf.95c86130a405a8e727dc931c48001e99.jpg 8,47,394,316,0
images--83-_jpeg.rf.96470e1a8a881db74115f0ad05e23fe4.jpg 119,18,165,163,0
wert_jpg.rf.98db034634baa3afe2286cf31ccd5739.jpg 212,34,387,408,0
awertewrw_jpg.rf.9b08f7e031aa618a386d6f2f13bf5178.jpg 89,40,328,278,0 21,163,198,416,0
vlcsnap-2021-04-18-00h53m50s178_png.rf.9b15cd93bf8a7e7865245a9e5ef0e874.jpg 71,148,416,416,0
11_jpg.rf.9c2c47f5aa9b446c6eeaa12db6b9d34d.jpg 48,118,413,408,1
vlcsnap-2021-04-18-00h38m23s585_png.rf.9d7399da044d9d193d554368bdd256e1.jpg 32,95,359,367,0
vlcsnap-2021-04-18-00h47m16s494_png.rf.9e16440ee75de4fb74b73503018fffb5.jpg 41,168,371,400,0
image_search_1618645208895_jpg.rf.9ee10809620ad3b0f10a812da9cc906b.jpg 14,16,317,345,0
dsfgdfwe_jpg.rf.9f5a120cd38bbccce93bfc0e74cdb7e2.jpg 14,113,229,379,0 12,114,142,260,0
image_search_1618645670573_jpg.rf.9fb29229a57261053652a5b6a2c3005e.jpg 15,86,416,372,0
image_search_1618646322816_jpg.rf.a03acc3ffa31e873a525a716704e5bc1.jpg 60,75,364,395,0
ao_jpg.rf.a0e2cbc7c17720daa9bff40af4988911.jpg 195,65,342,260,0
images--63-_jpeg.rf.a1d7ceadb4ceb74f5c21b5948072c28e.jpg 20,91,416,334,0
82_jpg.rf.a31b6516c8619e56257865f7ad324ecc.jpg 238,213,328,318,0
vlcsnap-2021-04-18-00h59m06s251_png.rf.a4d437bf39bb5a22cb585d9a74d32b9c.jpg 7,217,235,416,0
vlcsnap-2021-04-18-00h47m06s282_png.rf.a505ea2158eb4d12ff75dad9a6c3ba22.jpg 7,121,382,324,0
12_jpg.rf.a6ee91a2dc7cf3372d570a49cf6feb7a.jpg 127,35,389,343,1
image_search_1618644875497_jpg.rf.a7b42b380fe89b38216f3bae25616486.jpg 11,86,416,239,0
vlcsnap-2021-04-18-00h37m54s785_png.rf.a84d17db5f5cc6509dcb6897a6762658.jpg 5,58,408,320,0
vlcsnap-2021-04-18-00h36m10s529_png.rf.aa2cfe59ddc606a31365478c1ccef013.jpg 139,111,363,315,0
image_search_1618645592166_jpg.rf.aa74e47be2ea4529a94d48830508f49c.jpg 3,55,341,280,0
vlcsnap-2021-04-18-00h31m41s818_png.rf.ab0e596f4678ab0407f92f0e3dda4c29.jpg 142,154,310,416,0
vlcsnap-2021-04-18-01h00m30s280_png.rf.ab8906f054d6606fb51e9ee4ccd9bbe8.jpg 83,188,416,416,0
vlcsnap-2021-04-18-00h46m54s087_png.rf.ac71228079fa3c614e71919f2ad7017e.jpg 89,50,406,366,0
vlcsnap-2021-04-18-01h00m55s808_png.rf.abd9b7cb261f07a70c877f32e114e193.jpg 112,273,236,380,0
images--81-_jpeg.rf.adafb5ea8232fccd30d1f8460f4d5786.jpg 184,7,362,282,0
vlcsnap-2021-04-18-00h31m46s167_png.rf.adc529baef26a474659a251201be21e2.jpg 142,102,312,357,0
vlcsnap-2021-04-18-00h36m29s320_png.rf.af3f9fc8715caa7264bf422cb3205b1f.jpg 31,108,313,384,0
aet_jpg.rf.b0d9f4aef1d5491b6d338fa3140d5c7f.jpg 64,41,372,362,0
vlcsnap-2021-04-18-00h50m38s506_png.rf.b172f466829c010e506120d51d2abf9b.jpg 29,113,416,401,0
vlcsnap-2021-04-18-00h44m41s742_png.rf.b19db49ad7cd87ad6dc869e8764a3006.jpg 133,29,336,217,0
image_search_1618645355085_jpg.rf.b6b9c11e72f12715957b5e9dc6522206.jpg 99,85,297,255,0
vlcsnap-2021-04-18-00h44m14s581_png.rf.b797c06d6d356f94710be22b26d55df4.jpg 175,10,416,245,0
image_search_1618644855893_jpg.rf.b7cb88415a54c64cf51cad03cf623990.jpg 172,134,336,356,0
21_jpg.rf.ba0b311ba4992c142e5d12dbd1726184.jpg 18,54,301,337,0
vlcsnap-2021-04-18-00h36m12s987_png.rf.bab3e2b96f743e956513a6d1274be52a.jpg 11,60,416,356,0
vlcsnap-2021-04-18-07h57m52s718_png.rf.c19c5b95344d29f59827c3febb8c3e67.jpg 220,145,347,416,0
asdk_jpg.rf.c23db7402444dee63ea91d1be6859376.jpg 51,21,361,411,0
75_jpg.rf.c260d39d8072def5d28d19c76253507e.jpg 74,103,348,295,0
image_search_1618645220099_jpg.rf.c3931423726f1800def8012c3b7e6db3.jpg 117,79,361,185,0
images--82-_jpeg.rf.bfc6ef59297844f4f316435d9fdb9399.jpg 124,120,311,358,0
44_jpg.rf.c60e0b58efd4407f67e3da182c474f2d.jpg 118,79,397,351,0
vlcsnap-2021-04-18-00h43m58s008_png.rf.c660c6d093afcbb17236b2fed15dda3d.jpg 61,199,298,353,0
56_jpg.rf.c69393d96b4cee0ef186fcdb2a902ed8.jpg 65,23,231,400,0
image_search_1618645660029_png.rf.c973e6e2de70073a37db577aed64b991.jpg 125,6,379,307,0
siudhf_jpg.rf.c7cb3f3a4edf12e8464fd04889de351f.jpg 20,49,378,406,0
images--52-_jpeg.rf.c9e24e4658eb03b73d126efdf2702f7a.jpg 76,116,315,309,0
61_jpg.rf.cac4e770918fb0d015db43b48e6fe5dd.jpg 109,42,393,266,0
6_jpg.rf.cbf2499396d22fd72f79a69d7f9b8427.jpg 208,71,386,248,0
Rb0efb321f8267e10da74134b227a4659_jpg.rf.ccef6c31e7d56d35c0460df03c52571a.jpg 31,24,404,278,0
vlcsnap-2021-04-18-00h43m06s696_png.rf.cdf01b5ab30ad3d847061cd232714d86.jpg 5,11,416,402,0